function SEAKEYS = get_seakeys()
%function SEAKEYS = get_seakeys()
%
% Last Saved Time-stamp: <Sat 2009-07-04 15:24:43 Eastern Daylight Time gramer>

  % lkwf1,26.612,-80.033
  % fwyf1,25.590,-80.100
  % cryf1,25.222,-80.212
  % mlrf1,25.010,-80.380
  % lonf1,24.840,-80.860
  % tnrf1,24.750,-80.78333
  % smkf1,24.630,-81.110
  % amsf1,24.525,-81.520
  % sanf1,24.460,-81.880
  % plsf1,24.690,-82.770
  % 42003,25.966,-85.594

  SEAKEYS.codes = ...
      { ...
          'LKWF1', ...
          'FWYF1', ...
          'CRYF1', ...
          'MLRF1', ...
          'LONF1', ...
          'TNRF1', ...
          'SMKF1', ...
          'AMSF1', ...
          'SANF1', ...
          'PLSF1', ...
          '42003', ...
      };
  SEAKEYS.lons = ...
      [ ...
          -80.033, ...
          -80.100, ...
          -80.212, ...
          -80.380, ...
          -80.860, ...
          -80.7833, ...
          -81.110, ...
          -81.520, ...
          -81.880, ...
          -82.770, ...
          -85.594, ...
      ];
  SEAKEYS.lats = ...
      [ ...
          26.612, ...
          25.590, ...
          25.222, ...
          25.010, ...
          24.840, ...
          24.750, ...
          24.630, ...
          24.525, ...
          24.460, ...
          24.690, ...
          25.966, ...
      ];

return;
