1;

% From http://eosweb.larc.nasa.gov/sse

% kW*h/m^2/day

% Total insolation per month - 2007

mlrf1 = [ 3.69 4.42 5.16 6.02 6.05 5.41 5.40 5.08 4.59 4.37 3.77 3.45 ];
grbz1 = [ 4.37 5.40 6.27 6.89 6.54 6.25 6.25 6.39 5.87 4.96 4.30 3.97 ];
